github_id,language_id
1,1
1,3
1,2
2,10
2,11
2,7
2,6
2,12
2,9
2,5
2,4
2,8
2,1
4,4
4,11
4,7
4,13
4,5
4,10
5,1
5,7
5,11
5,3
5,16
5,12
5,14
5,15
5,10
6,12
6,10
6,7
8,1
8,3
8,12
8,11
8,14
9,13
9,3
9,7
9,9
9,10
10,14
10,1
10,13
10,9
10,10
10,7
11,11
11,13
11,10
11,7
11,9
13,7
13,17
13,13
13,5
13,4
13,10
14,16
14,1
14,18
14,19
14,12
14,7
14,11
14,10
15,12
15,1
15,11
15,14
15,10
15,20
17,10
17,12
20,7
20,4
20,16
20,5
20,9
20,10
21,10
21,13
21,9
21,4
21,14
21,3
21,11
21,22
21,21
21,7
22,13
22,5
22,10
22,22
22,4
22,7
23,18
23,11
23,13
23,10
23,17
23,5
23,4
24,11
24,7
24,5
24,10
24,4
26,23
26,24
26,25
26,26
26,27
26,11
26,3
26,12
26,1
28,4
28,10
28,23
28,13
28,7
28,16
29,28
29,4
29,10
29,13
29,12
29,19
29,7
30,5
30,13
30,14
30,4
30,7
30,10
31,31
31,7
31,13
31,30
31,9
31,29
31,10
32,32
32,9
32,7
32,10
32,13
32,4
33,18
33,10
33,7
33,13
33,5
33,33
33,4
34,11
34,10
34,7
34,5
34,4
35,9
35,10
35,7
35,13
35,4
37,14
37,7
37,34
37,16
37,10
39,7
39,14
39,10
39,4
39,16
40,10
40,35
40,7
40,11
40,9
41,4
41,13
41,7
41,10
41,32
41,16
41,5
42,10
42,22
42,36
42,11
42,7
42,5
42,13
42,12
43,5
43,12
43,10
43,7
43,3
44,9
44,10
44,22
44,4
44,7
44,37
44,23
45,10
45,9
45,7
45,11
45,4
45,3
45,13
45,14
45,38
46,12
46,5
46,11
46,7
46,4
46,10
46,34
46,16
51,9
51,13
51,10
51,7
51,11
51,31
52,7
52,9
52,10
52,4
52,11
52,13
53,1
53,11
53,3
53,10
53,13
54,12
54,11
54,7
54,10
54,4
54,5
56,9
56,7
56,10
56,13
56,39
56,16
56,4
56,11
56,40
57,9
57,5
57,7
57,4
57,10
57,13
58,4
58,13
58,40
58,1
58,7
58,20
58,14
59,4
59,9
59,41
59,40
59,7
59,10
63,18
63,17
63,4
63,10
63,11
63,5
63,13
64,14
64,12
64,40
64,7
64,10
65,4
65,10
65,42
65,7
65,16
65,3
66,4
66,13
66,10
66,18
66,7
67,13
67,11
67,17
67,18
67,4
67,10
67,5
69,1
69,11
69,12
69,3
70,18
70,4
70,22
70,43
70,10
70,7
71,12
71,13
71,7
71,10
71,11
71,4
71,5
71,44
74,13
74,4
74,14
74,10
74,11
74,7
76,1
76,7
76,5
76,10
76,12
77,9
77,14
77,10
77,4
77,7
78,9
78,18
78,42
78,1
78,11
78,12
79,10
79,34
79,13
79,38
79,7
79,11
79,9
79,16
80,7
80,10
80,11
80,45
80,1
80,9
82,11
82,12
82,3
82,10
82,4
82,1
83,7
83,11
83,46
83,5
83,1
83,10
84,4
84,5
84,23
84,10
84,7
84,9
85,4
85,47
85,1
85,30
85,7
85,3
86,13
86,10
86,5
86,3
86,4
86,7
87,9
87,4
87,39
87,11
87,10
87,7
88,14
88,13
88,4
88,42
88,7
88,1
88,48
88,10
90,10
90,7
91,5
91,49
91,7
91,9
91,33
91,10
92,10
97,10
97,50
97,11
97,5
97,12
97,4
97,14
97,17
97,18
97,7
97,1
98,4
98,19
98,11
98,7
99,5
99,10
99,24
99,7
99,9
99,16
100,1
100,10
100,4
100,17
100,11
100,9
100,14
100,18
100,3
100,48
100,13
102,14
102,12
102,45
102,10
102,7
102,5
104,51
104,10
104,1
104,3
104,7
105,30
105,13
105,7
105,14
105,10
105,9
105,1
105,4
106,9
106,4
106,7
106,13
106,10
108,11
108,4
108,23
108,9
108,3
108,19
108,10
108,1
109,7
109,1
109,24
109,10
109,42
109,5
109,11
110,7
110,4
110,11
110,13
110,9
111,3
111,9
111,52
111,1
111,7
111,10
111,4
111,11
111,12
112,1
112,11
112,23
112,7
112,10
112,42
112,5
112,18
113,14
113,16
113,40
113,9
113,1
113,34
113,5
113,7
113,3
113,10
114,22
114,3
114,51
114,10
114,9
114,7
115,4
115,11
115,3
115,7
115,1
115,10
116,7
116,5
116,10
116,11
116,24
117,12
117,10
117,14
117,13
117,4
118,10
118,13
118,1
118,11
118,7
118,4
119,11
119,12
119,7
119,1
119,10
119,32
119,14
119,53
119,54
119,4
120,6
120,7
120,24
120,12
120,10
120,42
120,4
121,10
121,11
121,55
121,33
121,9
121,7
121,4
122,10
122,5
122,12
122,11
122,7
122,4
123,34
123,39
123,10
123,13
123,3
123,4
124,1
124,13
124,7
124,56
124,5
124,10
124,4
124,45
124,22
124,40
125,4
125,17
125,3
125,10
125,1
126,9
126,7
126,10
126,13
126,4
126,11
127,11
127,24
127,7
127,10
127,13
128,4
128,12
128,5
128,7
128,46
128,10
128,11
129,13
129,7
129,10
129,22
129,3
129,4
130,10
130,12
130,57
130,9
130,47
130,7
130,16
134,7
134,12
134,10
134,42
134,40
134,4
134,14
134,1
135,11
135,10
135,7
135,4
135,9
135,41
137,50
137,3
137,4
137,14
137,10
137,9
137,7
138,13
138,11
138,9
138,7
138,10
142,5
142,7
142,10
143,10
143,4
143,11
143,32
143,7
144,10
144,5
144,14
144,9
144,58
144,11
144,4
145,12
145,10
146,7
146,10
146,4
146,3
147,10
147,4
147,5
147,13
147,7
147,9
148,7
148,3
148,10
148,12
148,34
148,11
149,10
149,39
149,7
149,9
149,4
149,11
151,1
151,12
151,7
151,11
151,16
151,10
151,36
152,10
152,7
152,4
152,9
152,5
153,10
153,16
153,9
153,7
153,4
153,1
153,11
154,10
154,7
154,11
154,5
154,4
155,7
155,9
155,10
155,13
155,5
157,7
157,11
157,4
157,5
157,10
157,59
157,9
158,11
158,7
158,10
158,5
158,14
159,3
159,5
159,10
159,7
159,4
159,11
160,1
160,10
160,13
160,11
160,41
160,7
161,5
161,11
161,10
161,7
162,5
162,4
162,22
162,9
162,12
162,7
162,10
163,20
163,42
163,13
163,10
163,4
163,3
163,7
164,7
164,5
164,10
164,11
166,7
166,10
166,47
166,12
166,60
166,8
166,13
169,7
169,11
169,9
169,19
169,10
169,3
170,1
170,12
170,24
170,11
170,14
170,20
170,10
172,10
172,5
172,7
172,18
172,12
173,3
173,11
173,9
173,12
173,23
174,3
174,11
174,10
174,5
174,7
176,5
176,7
176,11
176,4
176,10
176,33
176,1
177,61
177,7
177,16
177,10
177,20
177,1
177,13
177,12
178,7
178,10
178,4
178,16
178,5
179,4
179,7
179,50
179,1
179,10
179,11
179,13
179,14
179,9
181,7
181,4
181,5
181,10
181,11
182,12
182,5
182,7
182,24
182,16
182,10
182,4
182,13
182,34
183,5
183,7
183,10
183,1
183,13
183,9
185,7
185,26
185,24
185,10
185,9
186,10
186,12
186,13
186,11
186,9
186,62
186,1
186,24
186,3
187,3
187,14
187,13
187,1
187,4
187,10
188,7
188,10
188,11
188,5
188,4
188,12
189,3
189,5
189,9
189,1
189,20
189,11
189,7
189,41
189,58
190,9
190,4
190,10
190,5
190,7
193,63
193,7
193,11
193,52
193,64
193,4
193,10
193,65
194,10
194,39
194,7
